# Created by Octave 3.2.4, Mon Oct 08 12:14:35 2012 EDT <ali@psycho>
# name: reward
# type: matrix
# rows: 4
# columns: 100
 100 100 100 100 100 100 100 100 100 100 100 100 100 100 100 100 100 100 100 100 100 100 100 100 100 100 100 100 100 100 100 100 100 100 100 100 100 100 100 100 100 100 100 100 100 100 100 100 100 100 100 100 100 100 100 100 100 100 100 100 100 100 100 100 100 100 100 100 100 100 100 100 100 100 100 100 100 100 100 100 100 100 100 100 100 100 100 100 100 100 100 100 100 100 100 100 100 100 100 100
 100 100 100 100 100 100 100 100 100 100 100 100 100 100 100 100 100 100 100 100 100 100 100 100 100 100 100 100 100 100 100 100 100 100 100 100 100 100 100 100 100 100 100 100 100 100 100 100 100 100 100 100 100 100 100 100 100 100 100 100 100 100 100 100 100 100 100 100 100 100 100 100 100 100 100 100 100 100 100 100 100 100 100 100 100 100 100 100 100 100 100 100 100 100 100 100 100 100 100 100
 50 50 50 50 50 50 50 50 50 50 50 50 50 50 50 50 50 50 50 50 50 50 50 50 50 50 50 50 50 50 50 50 50 50 50 50 50 50 50 50 50 50 50 50 50 50 50 50 50 50 50 50 50 50 50 50 50 50 50 50 50 50 50 50 50 50 50 50 50 50 50 50 50 50 50 50 50 50 50 50 50 50 50 50 50 50 50 50 50 50 50 50 50 50 50 50 50 50 50 50
 50 50 50 50 50 50 50 50 50 50 50 50 50 50 50 50 50 50 50 50 50 50 50 50 50 50 50 50 50 50 50 50 50 50 50 50 50 50 50 50 50 50 50 50 50 50 50 50 50 50 50 50 50 50 50 50 50 50 50 50 50 50 50 50 50 50 50 50 50 50 50 50 50 50 50 50 50 50 50 50 50 50 50 50 50 50 50 50 50 50 50 50 50 50 50 50 50 50 50 50
# name: punish
# type: matrix
# rows: 4
# columns: 40
 0 0 150 0 300 0 200 0 250 350 0 350 0 250 200 0 300 150 0 0 0 300 0 350 0 200 250 150 0 0 350 200 250 0 0 0 150 300 0 0
 0 0 0 0 0 0 0 0 1250 0 0 0 0 1250 0 0 0 0 0 0 1250 0 0 0 0 0 0 0 0 0 0 1250 0 0 0 0 0 0 0 0
 0 0 50 0 50 0 50 0 50 50 0 25 75 0 0 0 25 75 0 50 0 0 0 50 25 50 0 0 75 50 0 0 0 25 25 0 75 0 50 75
 0 0 0 0 0 0 0 0 0 250 0 0 0 0 0 0 0 0 0 250 0 0 0 0 0 0 0 0 250 0 0 0 0 0 250 0 0 0 0 0
